YYYYMMDD, 000420, 001394, 001395, 003909, 003910, 003913, 001392
20100101,   9.70,   5.60, -9999.00,   8.40,   9.00,   6.00,   8.70
20100102,  11.20,   7.40, -9999.00,   8.50,  10.00,   8.20,  11.00
20100103,  13.60,   9.40,  11.80,  10.90,  11.30,  10.50,  13.50
20100104,  10.70,   7.40,   9.40,   7.60,   9.60,   7.00,  11.40
20100105,   8.60,   3.20,   6.20,   5.80,   7.60,   4.50,   6.80
20100106,   6.10,   1.50,   4.50,   3.90,   5.00,   3.20,   5.60
20100107,   5.30,   0.80,   5.00,   2.80,   4.60,   0.70,   5.00
20100108,   5.80,   0.50,   3.80,   3.70,   5.00,   1.30,   4.40
20100109,   4.60,  -0.70,   4.20,   2.50,   3.20,   0.10,   4.30
20100110,   2.40,  -0.80,   2.30,   1.60,   2.70,  -1.60,   4.50
20100111,   6.40,   3.80,   6.10,   4.10,   4.80,   2.30,   5.30
20100112,  12.40,   8.00,  10.70,   8.70,  10.10,   7.40,   8.60
20100113,  12.00,   8.40,  11.00,   9.40,  10.90,   8.10,  10.90
20100114,  11.40,   7.60,  10.00,   8.90,  10.10,   7.00,  11.70
20100115,  11.60,   7.20,   9.60,   8.80,  11.50,   8.40,  11.80
20100116,  14.10,  11.00,  12.80,  12.60,  14.50,  12.80,  14.10
20100117,  12.30,   9.40,  11.80,  10.20,  11.40,   9.60,  11.20
20100118,  15.20,  11.60,  12.20,  10.40,  11.20,  10.30,  12.00
20100119,  12.90,   9.50,  12.30,  12.80,  13.40,  12.80,  14.90
20100120,  12.20,   7.80, -9999.00,   9.40,  11.20,   9.10,  11.40
20100121,  12.70,   8.90, -9999.00,  10.20,  12.10,   9.50,  11.40
20100122,  12.60,   9.40,  11.20,  12.00,  13.80,  11.50,  12.80
20100123,  10.70,   8.00,  11.00,  10.00,  11.90,   9.60,  12.20
20100124,  10.50,   6.20,   9.30,   7.30,   9.80,   7.20,   9.80
20100125,   9.30,   5.20,   8.30,   6.60,   8.70,   5.70,   8.10
20100126,   9.50,   5.30,   8.40,   5.60,   7.80,   5.80,   7.60
20100127,   8.20,   4.20,   6.50,   4.60,   6.80,   3.00,   5.90
20100128,   7.60,   3.00,   6.40,   4.80,   6.30,   3.40,   7.60
20100129,  10.70,   6.90,   9.10,   8.80,  10.30,   7.40,  10.00
20100130,  10.90,   6.80,   8.60,   8.00,   9.20,   7.10,   8.40
20100131,  10.80,   6.20,   8.50,   7.30,   8.20,   6.00,   6.60
20100201,   9.40,   4.80,   8.20,   6.60,   8.20,   6.00,   8.00
20100202,   8.40,   6.40,   8.60,   6.70,   8.70,   6.60,   8.00
20100203,  10.60,   7.20,   8.60,   7.60,   9.00,   6.40,   9.40
20100204,  11.90,   7.90,  11.00,  11.20,  13.60,  10.90,  11.90
20100205,  10.40,   7.20,  10.00,  10.60,  12.10,  10.00,  11.90
20100206,  12.30,   9.00,  12.00,  11.70,  13.70,  12.00,  11.70
20100207,  13.30,   9.40,  11.60,   9.40,  11.40,   9.60,  10.00
20100208,  12.80,   8.80,  11.50,   9.80,  11.60,   9.20,   9.60
20100209,   9.60,   6.00,   9.90,   6.90,   8.50,   5.80,   8.00
20100210,   7.70,   4.20,   6.20,   4.40,   6.70,   4.70,   6.00
20100211,   7.00,   2.30,   6.40,   3.70,   5.20,   2.00,   3.40
20100212,   6.40,   3.30,   6.60,   2.80,   4.60,   1.40,   5.80
20100213,   7.40,   3.20,   6.20,   3.40,   4.80,   1.90,   3.80
20100214,   5.50,   2.20,   4.90,   2.90,   4.70,   2.00,   3.80
20100215,   7.10,   3.90,   8.70,   3.50,   5.40,   2.90,   4.30
20100216,   8.40,   4.40,   9.40,   4.80,   6.00,   3.20,   8.00
20100217,  10.80,   6.30,   8.80,   7.80,   9.00,   6.20,   8.00
20100218,  10.50,   5.40,   8.90,   9.10,   9.40,   7.00,  10.00
20100219,   9.30,   3.60,   7.10,   5.80,   7.80,   5.00,   8.20
20100220,   9.20,   4.70,   8.10,   8.40,   9.70,   7.10,   9.20
20100221,  12.00,   8.00,  11.60,  10.60,  12.60,  11.10,  11.60
20100222,  13.40,   9.20,  12.60,  13.20,  12.60,  14.30,  16.10
20100223,  13.20,   8.40,  11.90,  12.40,  12.90,  12.80,  14.20
20100224,  12.20,   8.60,  11.80,  11.80,  13.70,  11.20,  14.00
20100225,  12.80,   8.80,  11.50,  13.30,  14.60,  12.80,  16.60
20100226,  11.60,   7.30,  10.10,  11.40,  11.50,  10.80,  11.80
20100227,  13.00,   9.20,  11.60,  14.00,  16.00,  15.10,  16.30
20100228,   9.90,   6.00,   8.20,  10.40,  12.00,  10.30,  12.00
20100301,  11.80,   7.80,  10.20,  11.00,  12.40,  11.00,  13.20
20100302,  12.80,   9.60,  12.60,   9.50,  10.00,   8.40,  11.20
20100303,  13.40,   8.40,  12.10,  12.20,  14.00,  12.00,  12.70
20100304,  11.40,   8.40,  11.60,   8.20,  11.20,   8.70,  11.20
20100305,  11.00,   7.20,   9.60,   7.30,  10.40,   8.10,   9.90
20100306,  12.00,  10.30,  13.60,   9.60,  11.00,   9.20,  10.00
20100307,   9.20,   5.10,   9.00,   6.20,   9.00,   5.80,   7.30
20100308,   7.20,   3.40,   6.00,   4.00,   6.80,   2.60,   4.40
20100309,   9.20,   5.80,   7.80,   4.90,   7.50,   4.90,   7.30
20100310,   8.10,   4.40,   8.00,   5.30,   6.80,   4.10,   6.20
20100311,   8.80,   5.00,   8.30,   5.00,   6.80,   4.60,   6.40
20100312,  10.00,   6.00,   8.00,   5.80,   7.60,   6.10,   7.90
20100313,  10.00,   5.80,   8.70,   5.60,   7.60,   5.10,   7.60
20100314,   9.50,   6.30,   9.90,   6.80,   8.50,   6.00,   9.20
20100315,  10.60,  10.00,  10.60,   6.60,   8.50,   7.10,   9.40
20100316,  12.80,  11.00,  12.60,   9.70,   9.00,  11.40,  11.10
20100317,  15.20,  11.70,  13.50,  11.80,  11.90,  12.80,  14.60
20100318,  17.90,  11.60,  14.60,  15.60,  15.50,  17.80,  19.10
20100319,  17.40,  13.10,  15.40,  17.00,  17.40,  18.20,  19.40
20100320,  14.30,  10.70,  13.60,  15.80,  17.40,  14.80,  17.20
20100321,  12.90,  11.50,  13.90,  10.60,  12.80,  10.90,  11.90
20100322,  13.90,  10.90,  11.20,  10.20,  11.90,  11.20,  11.00
20100323,  13.00,  10.60,  13.00,  10.60,  12.00,  11.60,  15.30
20100324,  13.70,  10.90,  12.20,  11.80,  13.60,  12.60,  15.90
20100325,  10.90, -9999.00,  10.00,  11.80,  14.60,  12.20,  14.40
20100326,  11.50,   7.80,  10.40,  11.80,  13.10,  11.80,  13.20
20100327,  13.90,   9.50,  11.60,  12.40,  14.60,  13.40,  12.20
20100328,  13.90,  10.70,  12.60,  12.20,  13.60,  12.10,  13.40
20100329,  13.50,   8.80,  12.00,  14.20,  15.70,  12.60,  14.60
20100330,  12.00,   7.70,  10.20,  10.10,  11.60,  10.50,  10.90
20100331,  10.40,   6.60,   8.80,   9.50,  11.20,   9.00,  12.60
20100401,  11.00,   5.60,   8.40,   8.80,  10.20,   8.20,   9.80
20100402,  12.20,   9.20,  10.00,  10.60,  11.30,  10.00,  11.20
20100403,  11.00,   6.40,   9.40,  11.00,  12.40,   9.80,  12.10
20100404,  11.80,   5.40,   8.40,   9.20,  11.00,   9.10,  10.20
20100405,  10.40,  10.00,  12.00,  10.40,  10.60,  10.40,  11.10
20100406,  12.20,   9.40,  12.40,  12.40,  14.00,  14.10,  14.60
20100407,  11.80,   8.10,  11.80,  10.20,  12.00,  10.80,  12.10
20100408,  13.80,  12.00,  14.40,   9.60,  12.00,  10.10,  11.30
20100409,  14.90,  15.10,  15.80,   9.60,  12.20,  11.60,  11.60
20100410,  17.90,  16.40,  17.50,  13.40,  12.60,  14.20,  13.00
20100411,  16.20,  14.90,  18.20,  11.70,  12.90,  11.50,  11.80
20100412,  13.40,  10.50,  15.20,   9.60,  11.60,   9.90,  11.50
20100413,  13.10,  10.20,  14.00,   9.60,  11.40,   9.40,  11.90
20100414,  13.80,  11.60,  15.20,   9.40,  12.10,   9.00,  11.00
20100415,  16.40,  13.40,  15.90,  11.60,  13.40,  11.30,  12.50
20100416,  16.80,  15.00,  16.90,  11.90,  13.80,  12.20,  12.80
20100417,  17.20,  13.90,  15.40,  12.00,  12.60,  13.60,  14.50
20100418,  15.20,  12.90,  15.00,  14.20,  15.40,  14.20,  15.10
20100419,  14.50,  14.10,  15.90,  13.00,  14.40,  15.60,  14.20
20100420,  16.90,  15.60,  17.40,  13.80,  13.90,  15.20,  14.20
20100421,  16.80,  15.40,  16.70,  12.80,  13.80,  13.30,  13.90
20100422,  14.60,  14.80,  16.30,  11.60,  14.00,  14.60,  13.40
20100423,  15.00,  12.80,  14.60,  13.40,  14.30,  13.60,  13.30
20100424,  16.40,  12.40,  14.60,  14.30,  14.70,  15.80,  13.90
20100425,  14.80,  13.50,  15.80,  13.70,  15.80,  14.20,  15.00
20100426,  16.20,  15.20,  18.60,  14.80,  15.60,  17.00,  15.00
20100427,  18.20,  17.50,  19.60,  15.80,  14.50,  18.40,  14.60
20100428,  16.90,  19.70,  19.60,  16.00,  17.70,  20.00,  17.80
20100429,  16.20,  15.80,  15.00,  13.80,  15.60,  15.60,  17.80
20100430,  14.40,  12.90,  14.00,  13.40,  14.80,  13.10,  15.40
20100501,  14.10,  13.20,  14.80,  13.60,  15.20,  13.60,  14.00
20100502,  14.40,  11.70,  13.60,  11.60,  13.40,  10.80,  13.00
20100503,  12.40,   9.40,  11.40,   9.40,  11.00,   8.20,  10.20
20100504,  12.20,   8.20,  10.10,   9.20,  10.80,   7.60,   9.80
20100505,  12.40,   9.60,  11.30,   8.60,  11.30,   8.20,  11.00
20100506,  12.60,  10.40,  12.60,   9.00,  11.20,   9.60,  11.80
20100507,  14.10,  11.60,  12.80,  10.10,  11.60,   9.40,  12.10
20100508,  12.80,  11.00,  12.40,  10.80,  12.40,  11.20,  12.90
20100509,  13.40,  10.30,  11.20,  13.70,  14.30,  13.50,  16.80
20100510,  12.80,  10.80,  12.40,  12.80,  14.80,  14.00,  15.60
20100511,  13.10,  10.40,  12.40,   9.80,  11.60,   9.50,  12.80
20100512,  11.90,   8.40,  10.80,   9.30,  11.40,   8.20,  12.00
20100513,  11.20,   8.60,  10.80,   9.00,  11.20,   8.40,   9.70
20100514,  12.80,   8.90,  11.20,   9.10,  11.00,   8.50,  10.30
20100515,  14.20,  10.80,  12.20,  11.70,  12.60,   9.70,  12.10
20100516,  13.90,  11.00,  13.30,  11.40,  12.80,  11.10,  13.00
20100517,  14.30,  15.00,  16.00,  12.40,  13.30,  13.00,  13.60
20100518,  16.80,  17.40,  19.60,  12.20,  14.00,  14.40,  13.30
20100519,  16.10,  17.80,  21.30,  13.20,  15.20,  15.70,  13.90
20100520,  21.10,  21.40,  23.00,  15.00,  16.30,  15.80,  14.80
20100521,  21.00,  22.70,  23.60,  15.40,  15.00,  17.30,  15.60
20100522,  23.30,  24.00,  23.40,  17.40,  16.00,  19.20,  16.70
20100523,  21.80,  21.90,  20.80,  16.60,  15.80,  19.30,  17.10
20100524,  18.70,  17.00,  18.60,  15.80,  18.30,  20.00,  17.80
20100525,  18.00,  14.10,  15.70,  17.20,  17.20,  17.80,  20.90
20100526,  17.20,  14.60,  15.60,  16.00,  17.20,  16.80,  17.50
20100527,  16.40,  14.00,  15.60,  14.80,  16.10,  15.00,  16.40
20100528,  16.40,  14.20,  15.00,  14.90,  16.40,  14.80,  15.80
20100529,  18.00,  14.80,  16.30,  16.10,  18.60,  17.40,  17.10
20100530,  18.80,  18.20,  18.20,  17.20,  18.90,  18.80,  18.40
20100531,  18.30,  19.80,  20.60,  16.60,  17.90,  19.20,  18.00
20100601,  16.40,  17.60,  21.50,  16.30,  18.00,  18.60,  18.00
20100602,  18.60,  18.90,  22.00,  16.00,  18.30,  17.40,  17.60
20100603,  19.80,  18.80,  21.00,  18.40,  18.70,  20.50,  17.20
20100604,  18.50,  18.00,  18.20,  16.60,  18.00,  17.60,  17.40
20100605,  16.20,  14.00,  17.70,  15.70,  16.90,  14.80,  17.20
20100606,  17.60,  15.20,  17.40,  15.60,  16.80,  15.40,  16.40
20100607,  17.60,  13.60,  16.40,  15.50,  17.20,  16.20,  15.90
20100608,  15.70,  12.60,  13.80,  15.20,  17.20,  15.80,  16.70
20100609,  15.50,  12.20,  13.90,  15.20,  16.80,  14.50,  18.20
20100610,  15.20,  12.40,  15.00,  13.40,  15.30,  13.00,  16.80
20100611,  15.90,  12.80,  14.80,  13.70,  15.60,  13.40,  16.00
20100612,  17.00,  14.20,  16.40,  13.20,  14.90,  12.10,  15.20
20100613,  16.00,  12.60,  16.80,  14.00,  15.60,  13.00,  16.80
20100614,  15.50,  12.60,  15.60,  14.30,  15.30,  13.60,  15.50
20100615,  15.80,  13.20,  15.40,  14.90,  15.60,  12.70,  14.90
20100616,  15.60,  12.60,  15.80,  13.80,  15.50,  12.40,  14.60
20100617,  16.00,  12.40,  15.60,  13.60,  15.20,  13.00,  15.00
20100618,  16.90,  15.40,  17.60,  14.00,  15.70,  14.20,  15.90
20100619,  17.00,  14.80,  17.00,  15.40,  16.40,  15.30,  16.50
20100620,  17.30,  15.40,  18.20,  14.60,  17.40,  14.50,  15.60
20100621,  17.40,  17.30,  19.20,  13.80,  16.20,  15.00,  15.20
20100622,  18.80,  19.40,  21.30,  15.40,  17.60,  17.20,  16.60
20100623,  21.30,  23.60,  22.00,  16.60,  17.40,  18.70,  17.60
20100624,  22.80,  23.70,  19.80,  17.20,  17.40,  19.20,  18.60
20100625,  20.80,  21.40,  19.60,  17.40,  18.20,  20.20,  18.60
20100626,  17.80,  18.60,  20.60,  16.80,  20.20,  21.10,  19.40
20100627,  18.20,  19.20,  21.60,  18.40,  20.00,  19.90,  19.20
20100628,  19.20,  20.80,  22.50,  18.20,  19.50,  21.00,  19.10
20100629,  18.40,  18.80,  23.00,  17.70,  20.20,  19.60,  19.20
20100630,  19.20,  21.50,  23.40,  17.70,  20.40,  20.50,  20.40
20100701,  19.80,  20.40,  19.30,  18.00,  19.80,  20.60,  19.60
20100702,  17.90,  15.00,  16.80,  19.20,  19.60,  19.70,  20.50
20100703,  18.20,  16.70,  20.00,  16.20,  18.60,  16.40,  20.20
20100704,  18.50,  19.80,  23.00,  18.70,  20.70,  18.30,  20.40
20100705,  18.00,  19.20,  23.70,  17.80,  20.80,  19.60,  19.40
20100706,  20.30,  19.70,  23.50,  18.20,  20.10,  19.10,  20.20
20100707,  19.60,  22.60,  25.80,  19.30,  21.00,  20.80,  20.20
20100708,  20.00,  22.50,  22.80,  20.40,  21.40,  21.10,  21.20
20100709,  19.60,  19.00,  19.60,  17.60,  20.00,  19.30,  20.30
20100710,  18.90,  17.80,  20.10,  19.80,  21.40,  22.00,  20.60
20100711,  20.60,  18.40,  18.80,  19.20,  21.60,  20.30,  20.80
20100712,  20.20,  16.40,  18.60,  20.60,  20.30,  21.40,  20.20
20100713,  20.40,  16.70,  18.40,  18.60,  20.20,  18.20,  20.50
20100714,  19.20,  15.00,  16.80,  19.70,  21.60,  19.20,  19.40
20100715,  19.70,  14.40,  16.50,  16.80,  18.90,  17.70,  19.50
20100716,  18.80,  16.40,  17.80,  17.00,  18.60,  16.20,  19.40
20100717,  17.80,  16.40,  19.20,  17.10,  19.80,  18.10,  19.20
20100718,  20.90,  21.20,  22.40,  18.20,  20.70,  19.20,  19.80
20100719,  19.20,  18.80,  21.40,  18.40,  20.40,  18.90,  20.20
20100720,  20.10,  17.00,  19.00,  19.00,  20.60,  19.40,  19.80
20100721,  19.40,  15.80,  18.00,  17.60,  18.80,  16.20,  18.00
20100722,  18.30,  14.80,  17.90,  17.50,  18.70,  16.80,  18.40
20100723,  17.90,  15.60,  19.10,  17.10,  18.60,  17.50,  18.00
20100724,  19.00,  18.60,  21.60,  17.30,  19.50,  18.40,  18.40
20100725,  19.20,  19.70,  24.30,  17.50,  19.80,  18.90,  19.30
20100726,  19.80,  21.80,  25.90,  18.80,  21.70,  20.70,  20.00
20100727,  22.30,  24.80,  27.20,  19.40,  22.30,  20.60,  20.00
20100728,  22.80,  25.20,  27.20,  20.40,  22.20,  21.70,  20.80
20100729,  18.80,  21.40,  25.20,  19.80,  22.20,  20.80,  21.00
20100730,  19.50,  21.00,  24.20,  18.60,  21.20,  21.00,  20.60
20100731,  18.70,  19.80,  23.40,  19.20,  21.60,  18.90,  20.10
20100801,  18.00,  17.20,  21.00,  18.20,  21.20,  17.90,  20.40
20100802,  19.60,  17.40,  20.50,  18.60,  20.40,  18.20,  19.10
20100803,  19.20,  19.00,  22.60,  18.60,  20.70,  19.90,  20.20
20100804,  19.20,  18.40,  21.60,  19.20,  20.60,  19.70,  20.20
20100805,  18.70,  18.00,  21.60,  18.50,  20.60,  18.60,  19.90
20100806,  19.10,  19.80,  22.90,  17.80,  20.60,  19.30,  19.00
20100807,  18.60,  20.20,  25.20,  18.40,  20.70,  19.20,  19.90
20100808,  19.60,  21.20,  24.60,  19.00,  21.00,  19.60,  21.30
20100809,  19.00,  21.20,  24.30,  19.10,  20.90,  19.40,  20.40
20100810,  19.00,  20.20,  24.60,  19.00,  20.90,  21.20,  19.70
20100811,  20.20,  19.10,  21.00,  19.20,  21.20,  20.50,  20.90
20100812,  20.00,  18.80,  22.10,  19.00,  20.60,  17.40,  19.60
20100813,  19.20,  16.80,  20.40,  17.90,  19.60,  16.60,  18.40
20100814,  19.00,  17.30,  20.60,  17.40,  18.60,  16.40,  18.60
20100815,  18.60,  17.20,  21.00,  17.00,  19.40,  16.60,  18.30
20100816,  18.80,  19.50,  21.80,  17.30,  19.60,  17.40,  19.40
20100817,  19.10,  19.00,  21.00,  17.40,  19.00,  18.50,  18.60
20100818,  20.60,  20.00,  18.60,  19.40,  20.70,  20.20,  21.60
20100819,  19.50,  20.00,  19.60,  19.00,  21.70,  20.50,  20.20
20100820,  21.60,  21.00,  19.70,  19.80,  21.00,  21.30,  20.90
20100821,  21.10,  23.40,  22.50,  19.80,  21.40,  23.80,  23.10
20100822,  21.40,  19.70,  18.60,  20.60,  22.40,  21.80,  22.20
20100823,  21.70,  16.80,  18.10,  21.00,  22.20,  22.20,  23.20
20100824,  20.80,  17.80,  19.00,  18.00,  20.10,  18.90,  20.60
20100825,  23.50,  19.90,  21.00,  22.00,  22.90,  23.80,  22.40
20100826,  21.30,  19.10,  20.60,  20.70,  22.30,  21.80,  22.60
20100827,  21.20,  18.50,  19.40,  20.60,  22.40,  21.40,  21.80
20100828,  20.50,  19.70,  21.70,  19.20,  21.40,  19.60,  20.60
20100829,  21.80,  21.40,  23.40,  18.20,  20.60,  18.80,  19.60
20100830,  22.40,  23.60,  26.00,  17.60,  19.50,  18.30,  19.60
20100831,  24.70,  26.10,  26.80,  18.30,  19.10,  19.60,  19.20
20100901,  20.40,  21.10,  20.00,  18.20,  20.30,  20.70,  19.20
20100902,  20.40,  20.20,  19.70,  18.50,  19.90,  20.50,  20.00
20100903,  21.00,  20.60,  20.00,  18.00,  20.10,  20.20,  19.10
20100904,  20.20,  21.60,  21.80,  18.40,  20.60,  19.70,  19.50
20100905,  20.40,  19.10,  19.40,  17.80,  19.60,  19.80,  19.60
20100906,  19.70,  16.10,  17.60,  18.80,  20.20,  19.50,  21.70
20100907,  18.60,  15.60,  17.10,  17.00,  18.10,  17.00,  18.50
20100908,  19.80,  15.10,  16.30,  17.60,  19.50,  16.90,  18.80
20100909,  19.00,  17.40,  18.10,  17.40,  19.40,  18.20,  18.80
20100910,  18.70,  18.60,  20.80,  18.00,  18.70,  19.30,  18.60
20100911,  19.50,  18.50,  21.80,  17.60,  19.70,  19.80,  19.10
20100912,  19.20,  17.50,  22.30,  17.20,  19.60,  16.80,  19.20
20100913,  20.70,  21.60,  23.10,  17.60,  19.30,  18.30,  18.60
20100914,  22.70,  24.20,  24.60,  18.70,  18.40,  20.60,  18.80
20100915,  21.40,  21.20,  20.60,  17.80,  19.10,  20.80,  19.00
20100916,  19.80,  19.00,  18.50,  18.20,  19.80,  17.40,  19.80
20100917,  17.70,  15.40,  18.80,  16.10,  17.50,  14.40,  17.20
20100918,  18.60,  16.40,  18.60,  16.10,  18.40,  16.40,  17.00
20100919,  17.80,  18.00,  20.10,  15.30,  17.60,  16.20,  16.80
20100920,  19.60,  19.30,  20.00,  16.90,  17.60,  18.60,  18.20
20100921,  18.40,  18.20,  18.10,  17.60,  19.00,  17.90,  18.80
20100922,  17.30,  18.30,  18.80,  18.90,  18.40,  20.20,  20.30
20100923,  20.20,  17.20,  18.00,  17.50,  18.80,  18.20,  18.20
20100924,  18.10,  14.90,  16.10,  15.60,  17.60,  15.20,  16.60
20100925,  16.70,  13.30,  16.00,  14.40,  15.80,  12.80,  16.10
20100926,  16.00,  14.20,  15.60,  13.80,  16.00,  13.70,  15.80
20100927,  14.80,  14.20,  16.40,  13.70,  15.20,  13.40,  16.00
20100928,  17.00,  16.20,  16.80,  15.40,  16.40,  16.40,  16.30
20100929,  15.10,  13.20,  15.60,  15.70,  17.20,  16.70,  16.30
20100930,  15.70,  13.40,  15.80,  15.40,  16.80,  15.40,  16.40
20101001,  18.30,  14.10,  16.40,  17.20,  18.00,  16.30,  18.90
20101002,  19.70,  16.60,  18.60,  18.50,  18.80,  18.50,  18.80
20101003,  17.60,  14.10,  15.80,  17.10,  20.70,  18.00,  20.60
20101004,  17.10,  13.50,  15.50,  15.00,  17.80,  15.40,  16.50
20101005,  16.60,  14.00,  14.20,  17.20,  18.60,  16.20,  20.50
20101006,  16.40,  14.40,  16.20,  13.80,  15.20,  13.60,  19.50
20101007,  17.80,  14.40,  17.40,  19.00,  18.00,  18.70,  19.80
20101008,  18.50,  14.80,  16.30,  20.80,  22.50,  21.80,  25.20
20101009,  17.40,  14.60,  16.00,  16.80,  19.40,  17.20,  20.40
20101010,  16.60,  14.20,  16.40,  15.40,  17.10,  14.80,  16.00
20101011,  17.00,  15.40,  17.20,  15.40,  16.60,  14.20,  17.30
20101012,  18.60,  16.60,  17.60,  16.20,  17.60,  16.00,  17.80
20101013,  18.20,  15.40,  17.60,  14.50,  17.00,  15.30,  16.80
20101014,  15.60,  13.40,  17.00,  13.70,  15.80,  14.20,  15.20
20101015,  16.20,  13.00,  15.10,  14.10,  15.20,  13.00,  15.20
20101016,  15.40,  12.40,  14.40,  13.50,  14.80,  12.10,  13.20
20101017,  15.70,  12.80,  14.50,  11.60,  14.20,  11.40,  12.80
20101018,  14.70,  11.40,  13.80,  11.20,  12.90,  10.80,  13.20
20101019,  14.20,  12.00,  13.40,  10.20,  12.40,  10.20,  12.80
20101020,  15.10,  12.70,  14.80,  11.60,  13.50,  11.60,  14.00
20101021,  15.90,  14.80,  15.40,  12.20,  13.80,  11.90,  13.80
20101022,  13.80,  11.00,  14.30,  12.20,  14.00,  12.50,  14.40
20101023,  14.10,  10.40,  14.30,  12.60,  14.60,  13.40,  14.80
20101024,  15.70,  13.80,  14.60,  13.90,  15.40,  14.00,  15.80
20101025,  14.60,  12.20,  15.20,  11.00,  13.60,  10.90,  12.00
20101026,  13.70,  12.20,  14.00,  10.90,  12.10,  11.50,  11.40
20101027,  15.00,  12.00,  13.90,  13.40,  15.40,  13.60,  14.00
20101028,  17.90,  13.80,  15.80,  14.60,  15.80,  15.20,  17.40
20101029,  15.40,  10.90,  12.80,  13.20,  16.00,  13.20,  17.30
20101030,  14.80,  11.00, -9999.00,  13.00,  14.70,  13.60,  14.80
20101031,  13.60,  11.00, -9999.00,  12.80,  14.20,  11.00,  15.00
20101101,  14.80,  11.10,  13.40,  14.50,  15.00,  12.10,  15.10
20101102,  15.30,  10.80,  12.80,  13.90,  15.60,  13.50,  15.20
20101103,  16.80,  14.00,  16.40,  15.60,  17.10,  15.10,  16.90
20101104,  16.80,  16.40,  17.20,  15.90,  16.50,  14.60,  16.90
20101105,  16.20,  15.00,  17.80,  14.20,  16.00,  12.80,  16.20
20101106,  15.00,   9.40,  14.80,  14.10,  15.60,  12.90,  15.60
20101107,  13.40,  10.40,  13.30,  10.60,  12.00,   9.40,  12.20
20101108,  13.10,  10.80,  10.90,  11.20,  13.30,  10.70,  12.50
20101109,  12.50,   9.00,  10.20,  10.00,  11.20,   9.20,  11.50
20101110,  13.70,   8.80,  11.40,  10.00,  12.50,  10.10,  12.00
20101111,  14.80,  10.60,  11.60,  13.10,  14.40,  12.40,  14.40
20101112,  16.90,  12.30,  13.90,  17.40,  17.50,  18.10,  17.50
20101113,  16.40,  12.20,  13.90,  17.00,  17.80,  16.80,  17.00
20101114,  11.40,   7.60,  10.00,  11.20,  13.10,  12.40,  13.80
20101115,  12.30,   8.60,   9.80,  10.40,  11.80,   9.40,  11.20
20101116,  11.90,   7.20,   8.40,  11.40,  12.20,   9.50,  12.10
20101117,  12.80,   9.00,  11.20,  10.60,  12.70,   9.50,  11.60
20101118,  12.40,   8.50,  10.40,  11.70,  12.80,  10.50,  12.00
20101119,  13.20,   9.70,  11.90,  11.00,  12.10,  10.60,  12.20
20101120,  12.70,   9.80,  11.30,  10.50,  12.00,  10.90,  12.60
20101121,  11.80,   8.20,   9.80,  10.40,  11.60,   8.00,  12.20
20101122,  11.30,   8.10,   9.60,   9.00,  10.20,   8.00,  10.40
20101123,  11.50,   8.00,   9.70,  10.00,   9.80,   8.50,   9.40
20101124,   9.70,   7.20,   9.20,   9.50,  10.00,   7.40,   9.70
20101125,  10.30,   5.20,   7.80,   7.70,   8.80,   5.50,   9.30
20101126,   9.30,   5.40,   7.60,   7.20,   7.90,   5.20,   7.80
20101127,   8.60,   4.20,   7.50,   6.70,   8.70,   5.80,   7.40
20101128,   6.80,   2.10,   5.60,   4.40,   6.30,   3.40,   5.80
20101129,   5.80,   2.00,   3.20,   4.20,   6.60,   4.20,   7.20
20101130,   6.60,   2.60,   7.20,   5.00,   7.00,   4.50,   7.70
20101201,   7.70,   4.30,   6.60,   5.30,   6.80,   3.80,   6.00
20101202,   4.80,   1.00,   4.50,   3.60,   4.90,   2.80,   3.60
20101203,   6.20,   1.00,   4.80,   4.20,   5.60,   2.70,   5.60
20101204,   7.00,   2.80,   3.80,   5.40,   7.40,   5.00,   7.20
20101205,  11.70,   8.60,  11.00,   9.70,  13.20,   9.90,  12.80
20101206,  15.40,  12.50,  14.20,  13.60,  15.40,  14.80,  15.50
20101207,  15.00,  12.40,  13.60,  12.20,  13.80,  11.60,  16.20
20101208,  11.10,   9.10,  11.40,   9.60,  11.80,   8.60,  14.40
20101209,  11.60,   8.40,  11.50,   7.40,   9.90,   6.80,   8.20
20101210,  13.60,  12.40,  16.10,   7.80,  10.20,   7.60,   8.20
20101211,  16.80,  14.50,  16.40,   9.20,   9.30,  10.00,  10.40
20101212,  15.30,  11.70,  12.60,  10.90,  11.40,  11.80,  11.60
20101213,  12.30,   8.90,  11.40,   9.60,  11.40,   9.20,   9.10
20101214,  11.00,   8.00,   9.30,   7.20,   9.50,   6.60,   8.40
20101215,   9.50,   5.60,   8.00,   6.10,   7.60,   5.10,   7.00
20101216,   8.50,   4.10,   5.40,   5.80,   7.20,   4.40,   6.00
20101217,   8.60,   4.10,   5.30,   5.40,   6.90,   4.30,   7.60
20101218,   7.70,   3.00,   3.90,   5.30,   7.80,   4.90,   7.00
20101219,  10.60,   3.70,   4.40,   7.60,   9.20,   6.20,  10.00
20101220,  13.30,   9.20,   9.60,  11.50,  11.20,  10.20,  11.80
20101221,  12.20,   8.80,   9.20,   8.00,  10.00,   7.70,  11.00
20101222,  10.00,   6.20,   8.20,   7.80,   9.70,   7.20,  10.80
20101223,   7.80,   3.00,   5.40,   6.00,   7.40,   3.80,   7.90
20101224,   7.20,   2.70,   5.30,   4.30,   6.60,   3.20,   6.70
20101225,   7.80,   4.60,   7.60,   4.40,   6.80,   3.40,   5.20
20101226,   6.70,   4.40,   4.20,   2.40,   4.80,   1.20,   3.80
20101227,  10.60,   6.10,   7.00,   7.40,   9.40,   7.40,   8.20
20101228,  13.40,   8.80,  11.40,  13.20,  13.80,  12.20,  14.20
20101229,  14.80,  10.70,  13.10,  12.70,  13.20,  13.40,  15.70
20101230,  14.10,  10.60,  13.30,  12.00,  11.60,  12.50,  13.40
20101231,  14.20,  11.10,  13.30,  10.60,  10.80,  11.40,  14.50
